FORCE_CONSTANTS = READ
DIM = 2 2 2
BAND = 0 0 0 0 0 1/2 2/3 1/3 0 2/3 1/3 1/2 1/2 0 0 1/2 0 1/2 0 0 0
BAND_LABELS = $\Gamma$ A K H M L $\Gamma$
BAND_POINTS = 51
MASS = 1.007940 1.007940 1.007940 1.007940 1.007940 1.007940 1.007940 1.007940 1.007940 1.007940 1.007940 1.007940 1.007940 1.007940 1.007940 1.007940 1.007940 1.007940 1.007940 1.007940 1.007940 1.007940 1.007940 1.007940 17.9991610 17.9991610 17.9991610 17.9991610 17.9991610 17.9991610 17.9991610 17.9991610 17.9991610 17.9991610 17.9991610 17.9991610
